[0, 0, 0, 0, 0, 0, 0, 0, 0, 0, 0, 0, 0, 0, 0, 0, 0, 0, 0, 0, 0, 0, 0, 0, 0, 0, 0, 0, 0, 0, 0, 0, 0, 0, 0, 0, 0, 0, 0, 0, 0, 0, 0, 0, 0, 0, 0, 0, 0, 0, 0, 0, 0, 0, 0, 0, 0, 0, 0, 0]
[0, 43, 67, 60, 34, 12, 12, 25, 22, 28, 42, 27, 24, 18, 25, 48, 31, 4, 34, 63, 44, 50, 38, 16, 49, 46, 15, 30, 25, 14, 37, 55, 31, 15, 36, 51, 50, 26, 14, 8, 31, 34, 37, 65, 41, 12, 33, 46, 50, 35, 10, 44, 62, 48, 20, 17, 35, 38, 54, 0]
[0, 35, 59, 47, 21, 33, 33, 29, 26, 12, 26, 47, 43, 27, 35, 21, 4, 22, 53, 63, 44, 25, 12, 9, 42, 71, 41, 12, 7, 36, 59, 28, 4, 1, 21, 41, 40, 34, 23, 26, 49, 54, 57, 38, 14, 14, 34, 56, 60, 40, 16, 23, 42, 44, 16, 30, 49, 31, 46, 0]
[0, 54, 31, 19, 42, 54, 34, 30, 27, 13, 41, 62, 43, 27, 14, 1, 21, 39, 44, 54, 48, 28, 23, 20, 38, 67, 63, 34, 38, 67, 42, 11, 37, 33, 28, 48, 32, 27, 33, 37, 28, 33, 31, 12, 34, 34, 23, 44, 57, 37, 19, 26, 39, 41, 25, 39, 39, 20, 48, 0]
[0, 46, 23, 4, 26, 59, 40, 25, 22, 28, 57, 37, 17, 34, 22, 26, 46, 43, 48, 42, 35, 23, 18, 26, 43, 59, 55, 63, 67, 65, 40, 17, 43, 36, 31, 56, 40, 26, 33, 45, 37, 23, 21, 21, 44, 34, 22, 44, 56, 34, 16, 29, 41, 61, 45, 15, 14, 18, 46, 0]
[0, 28, 41, 21, 21, 53, 53, 39, 54, 61, 52, 32, 21, 38, 45, 49, 27, 24, 56, 49, 48, 36, 13, 20, 19, 35, 58, 66, 40, 38, 51, 28, 10, 4, 33, 58, 61, 47, 16, 28, 37, 22, 41, 41, 23, 13, 4, 25, 46, 24, 31, 43, 50, 69, 67, 37, 37, 41, 39, 0]
[0, 41, 54, 45, 44, 25, 25, 30, 45, 60, 51, 57, 46, 27, 33, 24, 2, 7, 39, 66, 65, 60, 37, 39, 38, 23, 47, 48, 22, 31, 44, 32, 15, 4, 33, 43, 45, 66, 35, 21, 30, 23, 42, 60, 43, 25, 15, 30, 51, 23, 29, 39, 45, 41, 39, 55, 55, 36, 34, 0]
[0, 68, 47, 38, 51, 32, 13, 18, 9, 24, 42, 48, 33, 13, 32, 22, 14, 20, 17, 45, 52, 47, 31, 33, 58, 43, 33, 35, 26, 35, 58, 46, 21, 9, 14, 24, 31, 52, 42, 28, 33, 27, 48, 66, 51, 33, 21, 36, 51, 23, 23, 33, 27, 23, 33, 49, 28, 8, 8, 0]
[0, 47, 25, 27, 41, 50, 30, 22, 14, 6, 24, 35, 20, 6, 25, 22, 14, 47, 44, 29, 37, 39, 23, 14, 39, 32, 22, 50, 41, 34, 56, 55, 29, 38, 43, 30, 38, 43, 33, 22, 27, 49, 70, 51, 36, 21, 9, 26, 40, 25, 25, 38, 32, 37, 47, 32, 11, 40, 40, 0]
[0, 38, 24, 26, 20, 29, 42, 34, 39, 32, 36, 47, 33, 19, 11, 8, 17, 50, 61, 46, 32, 34, 51, 42, 39, 32, 17, 45, 35, 28, 37, 35, 24, 33, 37, 24, 49, 55, 48, 37, 24, 46, 57, 38, 23, 9, 30, 46, 52, 37, 32, 45, 34, 39, 36, 21, 12, 41, 63, 0]
[0, 45, 31, 27, 21, 8, 21, 55, 60, 42, 47, 38, 24, 34, 26, 13, 21, 41, 52, 35, 20, 19, 36, 56, 52, 37, 22, 16, 6, 39, 48, 15, 3, 20, 24, 13, 38, 56, 49, 44, 31, 19, 30, 52, 37, 25, 46, 30, 36, 47, 42, 37, 27, 33, 29, 49, 39, 19, 41, 0]
[0, 18, 31, 28, 28, 15, 20, 54, 49, 31, 39, 30, 9, 19, 36, 22, 5, 24, 37, 20, 38, 37, 34, 53, 46, 31, 11, 5, 32, 65, 58, 25, 38, 55, 52, 41, 10, 28, 56, 51, 38, 25, 9, 32, 58, 46, 23, 6, 27, 39, 15, 10, 11, 17, 40, 59, 62, 42, 19, 0]
[0, 32, 45, 43, 43, 19, 24, 26, 21, 41, 49, 56, 35, 8, 24, 42, 24, 6, 19, 37, 55, 51, 48, 36, 29, 24, 4, 13, 40, 64, 58, 25, 38, 58, 55, 50, 20, 37, 65, 51, 38, 26, 10, 3, 29, 45, 21, 38, 59, 61, 37, 17, 17, 24, 47, 33, 37, 56, 33, 0]
[0, 64, 59, 57, 30, 6, 28, 29, 16, 36, 44, 51, 42, 15, 13, 31, 33, 15, 22, 40, 37, 33, 41, 29, 28, 23, 24, 33, 15, 39, 68, 36, 31, 50, 47, 43, 33, 50, 50, 37, 51, 38, 44, 37, 34, 49, 37, 54, 41, 43, 56, 36, 51, 58, 53, 40, 23, 43, 42, 0]
[0, 38, 33, 55, 27, 24, 46, 54, 40, 44, 52, 41, 32, 32, 29, 26, 29, 13, 20, 42, 39, 28, 37, 40, 39, 28, 29, 24, 6, 38, 67, 41, 36, 49, 46, 40, 31, 27, 27, 46, 60, 59, 65, 58, 54, 65, 53, 27, 15, 33, 46, 52, 68, 67, 63, 59, 42, 35, 34, 0]
[0, 23, 37, 59, 29, 25, 38, 46, 42, 46, 40, 29, 57, 57, 39, 36, 52, 36, 35, 56, 62, 51, 24, 27, 19, 8, 14, 9, 29, 61, 46, 20, 28, 42, 40, 34, 37, 33, 29, 48, 48, 48, 33, 25, 31, 42, 49, 23, 9, 27, 55, 61, 35, 35, 64, 60, 37, 29, 50, 0]
[0, 53, 67, 38, 8, 6, 19, 42, 38, 26, 21, 41, 70, 68, 50, 40, 56, 39, 38, 48, 54, 58, 31, 19, 11, 9, 16, 19, 39, 51, 37, 47, 55, 38, 36, 45, 48, 30, 26, 31, 32, 40, 24, 5, 11, 32, 39, 27, 13, 20, 48, 54, 29, 11, 40, 51, 27, 40, 61, 0]
[0, 41, 38, 9, 40, 38, 6, 29, 57, 45, 18, 38, 63, 61, 43, 34, 33, 17, 36, 46, 39, 44, 36, 24, 45, 43, 26, 30, 30, 43, 59, 69, 60, 43, 41, 49, 56, 38, 25, 31, 36, 44, 46, 27, 27, 48, 38, 26, 32, 39, 51, 58, 35, 17, 16, 26, 23, 36, 67, 0]
[0, 39, 35, 34, 65, 57, 25, 6, 33, 51, 24, 19, 43, 34, 16, 30, 30, 45, 65, 41, 34, 41, 33, 32, 53, 43, 25, 30, 30, 40, 56, 43, 34, 26, 24, 57, 64, 55, 43, 49, 54, 37, 39, 58, 57, 47, 38, 28, 34, 55, 67, 56, 33, 41, 39, 38, 35, 23, 54, 0]
[0, 43, 63, 62, 41, 32, 35, 17, 38, 56, 46, 41, 52, 42, 12, 27, 29, 44, 45, 21, 16, 23, 36, 36, 44, 34, 16, 20, 28, 37, 50, 37, 24, 17, 8, 41, 39, 30, 38, 44, 38, 20, 36, 55, 54, 44, 44, 34, 19, 40, 41, 30, 54, 61, 54, 53, 63, 51, 51, 0]
[0, 21, 42, 39, 18, 27, 30, 41, 63, 67, 57, 58, 68, 62, 33, 17, 20, 13, 13, 34, 29, 37, 50, 35, 44, 31, 12, 39, 46, 15, 28, 39, 26, 28, 19, 31, 30, 25, 32, 46, 40, 34, 50, 35, 34, 41, 41, 43, 28, 29, 30, 15, 39, 49, 42, 31, 41, 35, 35, 0]
[0, 42, 35, 32, 44, 53, 43, 53, 36, 40, 43, 44, 64, 58, 50, 34, 34, 27, 5, 25, 43, 51, 68, 53, 43, 30, 24, 51, 56, 25, 24, 35, 43, 46, 41, 53, 32, 27, 38, 52, 59, 54, 29, 14, 23, 30, 45, 46, 31, 32, 45, 30, 37, 48, 35, 24, 23, 18, 15, 0]
[0, 57, 50, 57, 69, 63, 52, 53, 36, 19, 23, 36, 56, 49, 41, 50, 50, 41, 19, 22, 39, 47, 65, 72, 62, 31, 24, 51, 56, 26, 25, 58, 67, 38, 33, 46, 25, 33, 44, 18, 25, 35, 10, 18, 28, 22, 36, 54, 39, 43, 55, 37, 44, 51, 39, 44, 43, 16, 13, 0]
[0, 38, 27, 34, 44, 38, 36, 37, 47, 31, 26, 39, 30, 23, 51, 60, 38, 30, 18, 22, 44, 52, 55, 62, 40, 8, 18, 45, 36, 6, 30, 63, 38, 9, 41, 54, 29, 37, 59, 34, 24, 33, 29, 38, 33, 27, 41, 59, 46, 50, 62, 44, 16, 24, 24, 28, 46, 20, 12, 0]
[0, 44, 33, 35, 45, 18, 17, 16, 25, 38, 33, 41, 32, 14, 42, 51, 29, 16, 5, 24, 46, 35, 38, 58, 36, 20, 30, 28, 19, 39, 63, 55, 29, 21, 53, 54, 30, 34, 56, 35, 25, 51, 47, 27, 22, 43, 56, 62, 50, 20, 33, 52, 23, 23, 23, 13, 32, 53, 45, 0]
[0, 47, 67, 68, 48, 22, 35, 34, 32, 44, 28, 36, 60, 42, 24, 33, 38, 24, 37, 56, 56, 45, 48, 67, 68, 52, 30, 28, 32, 52, 46, 38, 45, 37, 51, 51, 54, 58, 55, 33, 1, 27, 28, 8, 24, 44, 52, 58, 57, 27, 24, 43, 52, 52, 56, 46, 31, 52, 54, 0]
[0, 26, 45, 53, 33, 19, 32, 53, 51, 45, 29, 45, 69, 38, 20, 35, 40, 39, 51, 44, 44, 36, 39, 37, 38, 43, 21, 31, 35, 37, 31, 35, 41, 20, 34, 67, 70, 58, 54, 52, 20, 29, 30, 21, 36, 29, 36, 32, 31, 54, 50, 36, 46, 56, 60, 37, 22, 52, 54, 0]
[0, 28, 15, 23, 30, 16, 18, 39, 32, 26, 51, 67, 60, 28, 32, 48, 20, 20, 26, 18, 20, 12, 8, 6, 16, 21, 40, 49, 30, 32, 29, 33, 32, 11, 20, 53, 55, 43, 47, 45, 43, 52, 63, 54, 28, 21, 28, 24, 31, 53, 34, 19, 29, 39, 29, 6, 37, 67, 65, 0]
[0, 20, 7, 6, 13, 25, 27, 42, 35, 24, 48, 41, 34, 58, 62, 44, 17, 23, 29, 17, 19, 39, 34, 19, 28, 50, 69, 35, 16, 31, 28, 13, 13, 29, 39, 30, 32, 53, 57, 42, 39, 51, 62, 54, 28, 37, 45, 38, 44, 52, 33, 12, 21, 23, 12, 35, 66, 63, 61, 0]
[0, 6, 16, 15, 35, 47, 30, 45, 30, 20, 49, 41, 23, 47, 37, 20, 34, 41, 54, 41, 35, 55, 43, 27, 31, 53, 66, 32, 33, 48, 49, 34, 33, 50, 49, 40, 25, 46, 49, 34, 29, 40, 48, 40, 47, 56, 49, 42, 28, 35, 45, 24, 21, 22, 15, 37, 63, 61, 65, 0]
[0, 15, 25, 34, 54, 34, 17, 20, 5, 35, 64, 67, 48, 42, 33, 35, 49, 41, 54, 66, 60, 26, 13, 41, 45, 36, 49, 30, 30, 43, 44, 59, 59, 31, 30, 62, 47, 23, 26, 18, 12, 26, 34, 47, 54, 52, 46, 44, 29, 35, 45, 35, 32, 14, 6, 14, 40, 47, 50, 0]
[0, 34, 24, 33, 47, 27, 3, 6, 30, 60, 41, 43, 64, 58, 35, 37, 60, 52, 60, 71, 48, 13, 20, 48, 30, 21, 47, 28, 3, 16, 44, 60, 39, 11, 28, 61, 59, 35, 29, 21, 33, 47, 16, 29, 44, 42, 48, 46, 52, 58, 65, 56, 39, 21, 2, 10, 15, 22, 41, 0]
[0, 36, 26, 44, 58, 35, 12, 19, 42, 27, 8, 20, 40, 53, 30, 9, 32, 56, 63, 53, 30, 23, 30, 21, 4, 19, 44, 32, 8, 15, 44, 61, 40, 24, 41, 60, 59, 44, 38, 28, 41, 57, 26, 4, 19, 33, 39, 38, 44, 46, 53, 43, 26, 45, 26, 33, 38, 42, 61, 0]
[0, 45, 45, 63, 43, 19, 13, 20, 40, 25, 3, 15, 26, 39, 37, 16, 31, 55, 44, 34, 52, 46, 15, 5, 28, 44, 23, 11, 17, 24, 28, 46, 43, 26, 23, 42, 56, 41, 52, 42, 20, 36, 28, 7, 21, 34, 18, 18, 52, 53, 44, 34, 29, 48, 29, 38, 39, 43, 42, 0]
[0, 34, 34, 38, 18, 21, 15, 34, 54, 33, 11, 14, 25, 19, 17, 37, 52, 46, 35, 44, 62, 38, 6, 17, 40, 61, 40, 22, 28, 43, 47, 33, 30, 29, 26, 42, 56, 36, 47, 50, 29, 36, 28, 30, 44, 19, 3, 31, 65, 47, 38, 45, 41, 51, 34, 8, 13, 18, 17, 0]
[0, 6, 10, 14, 15, 18, 46, 65, 30, 9, 30, 33, 12, 6, 37, 58, 44, 38, 27, 36, 35, 11, 23, 34, 31, 53, 69, 51, 18, 32, 48, 34, 22, 21, 41, 58, 60, 39, 30, 34, 40, 48, 46, 48, 51, 27, 5, 33, 42, 24, 38, 45, 24, 34, 33, 11, 24, 29, 14, 0]
[0, 34, 39, 20, 20, 37, 64, 46, 11, 28, 49, 50, 30, 34, 65, 53, 40, 45, 34, 19, 18, 27, 40, 39, 37, 40, 57, 45, 12, 34, 50, 28, 16, 29, 49, 47, 49, 33, 23, 29, 36, 55, 52, 38, 42, 40, 18, 27, 37, 46, 59, 49, 28, 37, 36, 39, 53, 26, 11, 0]
[0, 40, 37, 18, 42, 59, 45, 26, 26, 43, 48, 49, 48, 51, 33, 20, 49, 55, 35, 20, 27, 36, 36, 36, 22, 25, 30, 19, 10, 33, 62, 39, 15, 28, 24, 23, 38, 22, 11, 17, 38, 56, 63, 49, 45, 43, 31, 40, 24, 33, 49, 39, 49, 58, 41, 44, 51, 24, 31, 0]
[0, 35, 31, 30, 55, 44, 29, 25, 25, 52, 57, 37, 36, 51, 33, 15, 44, 53, 32, 35, 42, 37, 37, 36, 23, 13, 18, 16, 8, 5, 34, 47, 23, 29, 26, 24, 39, 47, 36, 24, 45, 34, 41, 45, 41, 39, 27, 30, 14, 34, 50, 35, 45, 49, 32, 34, 40, 36, 43, 0]
[0, 53, 39, 38, 58, 47, 30, 26, 12, 39, 45, 25, 32, 48, 46, 28, 36, 45, 49, 51, 39, 34, 21, 20, 54, 44, 30, 28, 14, 11, 35, 49, 45, 51, 47, 46, 55, 62, 63, 51, 37, 27, 27, 32, 30, 28, 19, 23, 33, 53, 61, 46, 25, 29, 25, 27, 25, 21, 53, 0]
[0, 51, 37, 47, 67, 42, 25, 24, 10, 8, 14, 27, 35, 49, 47, 21, 29, 36, 39, 34, 23, 23, 10, 1, 35, 53, 38, 38, 24, 16, 41, 55, 51, 39, 35, 53, 62, 62, 62, 54, 40, 26, 27, 40, 39, 34, 24, 17, 28, 35, 43, 57, 36, 38, 35, 10, 8, 1, 33, 0]
[0, 26, 29, 39, 52, 27, 42, 41, 31, 29, 40, 53, 44, 59, 64, 37, 18, 24, 43, 38, 23, 23, 28, 19, 18, 36, 38, 37, 30, 22, 32, 46, 35, 23, 14, 32, 38, 37, 34, 25, 40, 27, 16, 29, 51, 46, 22, 15, 32, 39, 39, 53, 50, 52, 66, 41, 35, 27, 25, 0]
[0, 12, 15, 33, 46, 27, 43, 61, 51, 34, 45, 61, 52, 61, 66, 55, 35, 29, 48, 30, 14, 39, 43, 26, 25, 25, 27, 27, 20, 43, 52, 27, 17, 13, 4, 21, 26, 9, 6, 22, 37, 39, 28, 28, 50, 65, 41, 26, 43, 24, 23, 50, 47, 47, 61, 58, 52, 34, 31, 0]
[0, 23, 20, 38, 35, 16, 16, 34, 51, 33, 29, 45, 47, 56, 39, 27, 50, 44, 38, 20, 1, 25, 50, 34, 20, 20, 38, 38, 27, 50, 65, 40, 25, 22, 16, 33, 33, 16, 4, 21, 26, 27, 23, 23, 35, 49, 52, 38, 53, 33, 25, 52, 54, 54, 63, 61, 28, 10, 26, 0]
[0, 16, 13, 44, 40, 20, 19, 9, 26, 53, 49, 44, 45, 47, 29, 29, 52, 48, 42, 20, 1, 15, 40, 60, 46, 13, 31, 55, 44, 41, 56, 37, 22, 44, 38, 21, 21, 23, 12, 25, 29, 15, 10, 26, 37, 32, 35, 51, 66, 46, 38, 32, 35, 50, 58, 57, 24, 19, 35, 0]
[0, 26, 13, 44, 64, 43, 46, 36, 37, 64, 50, 45, 26, 28, 42, 42, 55, 51, 55, 33, 5, 18, 28, 48, 35, 2, 3, 26, 33, 30, 29, 10, 6, 27, 43, 27, 33, 34, 45, 58, 51, 36, 22, 38, 30, 25, 40, 55, 45, 25, 50, 44, 15, 29, 57, 56, 25, 19, 24, 0]
[0, 42, 29, 29, 48, 50, 54, 57, 58, 52, 38, 56, 37, 19, 33, 17, 30, 41, 45, 66, 38, 23, 33, 20, 8, 28, 29, 30, 37, 42, 41, 29, 25, 16, 32, 46, 52, 45, 55, 39, 32, 42, 28, 35, 28, 37, 52, 37, 26, 26, 50, 51, 21, 37, 65, 40, 6, 37, 39, 0]
[0, 44, 54, 54, 42, 44, 48, 51, 34, 28, 29, 47, 38, 20, 51, 35, 21, 32, 33, 55, 66, 51, 22, 7, 17, 38, 52, 53, 59, 65, 58, 45, 51, 42, 20, 34, 47, 40, 42, 26, 4, 14, 15, 22, 52, 61, 49, 34, 15, 14, 15, 16, 38, 54, 58, 33, 8, 35, 59, 0]
[0, 37, 47, 53, 41, 45, 48, 46, 29, 28, 29, 26, 16, 23, 55, 40, 26, 31, 33, 56, 66, 65, 39, 6, 16, 34, 47, 49, 54, 59, 52, 45, 51, 36, 14, 39, 53, 25, 26, 24, 3, 19, 20, 30, 59, 42, 31, 39, 19, 2, 3, 1, 24, 31, 36, 45, 20, 35, 60, 0]
[0, 24, 36, 41, 26, 31, 38, 36, 27, 26, 30, 26, 42, 49, 49, 34, 36, 41, 12, 35, 58, 57, 49, 21, 13, 30, 25, 26, 26, 31, 31, 24, 35, 20, 16, 41, 63, 35, 8, 7, 6, 22, 38, 48, 58, 42, 15, 23, 26, 9, 22, 20, 7, 14, 34, 43, 39, 54, 45, 0]
[0, 40, 52, 34, 18, 33, 40, 20, 11, 29, 33, 20, 36, 30, 30, 40, 42, 57, 28, 15, 38, 46, 38, 50, 42, 28, 23, 15, 14, 37, 37, 24, 35, 37, 32, 9, 31, 66, 40, 6, 5, 32, 48, 39, 50, 59, 33, 4, 7, 17, 30, 52, 38, 19, 39, 44, 40, 53, 43, 0]
[0, 49, 45, 26, 30, 44, 28, 8, 36, 54, 56, 43, 34, 28, 35, 46, 44, 58, 35, 22, 46, 55, 39, 51, 51, 37, 46, 38, 19, 41, 39, 26, 38, 40, 40, 17, 8, 43, 57, 24, 22, 49, 63, 54, 42, 51, 64, 35, 2, 12, 29, 51, 58, 39, 13, 18, 42, 55, 34, 0]
[0, 25, 20, 31, 35, 57, 41, 14, 41, 68, 71, 42, 32, 29, 37, 40, 38, 44, 21, 28, 52, 54, 39, 36, 36, 27, 35, 27, 8, 12, 11, 9, 20, 21, 22, 34, 24, 27, 41, 48, 47, 43, 57, 51, 39, 46, 58, 70, 37, 11, 29, 46, 53, 60, 34, 37, 60, 35, 14, 0]
[0, 18, 39, 49, 45, 68, 62, 34, 15, 42, 43, 14, 37, 34, 37, 40, 34, 40, 31, 37, 24, 26, 25, 23, 20, 10, 27, 19, 18, 23, 11, 8, 12, 12, 28, 40, 48, 50, 54, 61, 33, 30, 37, 31, 25, 32, 56, 68, 52, 27, 45, 62, 33, 40, 61, 64, 37, 12, 46, 0]
[0, 38, 59, 63, 59, 48, 41, 51, 32, 40, 42, 17, 39, 39, 42, 54, 48, 32, 22, 31, 18, 39, 38, 29, 26, 9, 26, 26, 25, 50, 38, 38, 41, 19, 35, 59, 66, 50, 54, 46, 18, 12, 20, 39, 33, 16, 40, 40, 24, 40, 58, 65, 36, 17, 38, 40, 14, 30, 64, 0]
[0, 37, 58, 63, 47, 36, 50, 60, 57, 65, 50, 25, 30, 29, 43, 55, 32, 17, 12, 21, 32, 53, 45, 36, 39, 23, 11, 11, 41, 67, 53, 54, 67, 46, 36, 59, 56, 40, 20, 12, 40, 34, 39, 58, 37, 20, 15, 14, 25, 42, 52, 59, 53, 33, 16, 19, 48, 65, 46, 0]
[0, 36, 58, 54, 38, 23, 37, 60, 57, 60, 46, 33, 38, 28, 42, 68, 46, 47, 42, 12, 23, 23, 15, 19, 22, 46, 34, 34, 64, 57, 43, 46, 60, 44, 35, 44, 41, 50, 31, 13, 41, 56, 62, 34, 13, 43, 38, 14, 26, 34, 45, 36, 29, 34, 17, 42, 72, 64, 45, 0]
[0, 42, 28, 24, 45, 30, 24, 48, 40, 43, 57, 45, 18, 8, 8, 34, 43, 44, 36, 6, 37, 37, 8, 12, 44, 68, 65, 65, 64, 56, 24, 27, 59, 44, 11, 21, 24, 34, 41, 24, 43, 59, 61, 33, 4, 34, 55, 32, 40, 48, 38, 29, 7, 11, 35, 60, 46, 38, 61, 0]
[0, 32, 18, 19, 40, 41, 35, 52, 44, 46, 60, 58, 32, 26, 26, 31, 40, 11, 2, 24, 55, 56, 27, 7, 40, 51, 48, 38, 37, 54, 21, 9, 42, 67, 35, 10, 14, 39, 47, 45, 64, 49, 51, 52, 23, 21, 42, 60, 69, 39, 29, 53, 30, 25, 49, 54, 40, 32, 55, 0]
[0, 39, 24, 25, 14, 15, 21, 37, 35, 37, 55, 54, 32, 26, 56, 61, 48, 19, 33, 55, 59, 60, 30, 10, 16, 27, 23, 13, 11, 28, 46, 34, 43, 68, 56, 31, 36, 61, 64, 62, 36, 21, 26, 26, 40, 39, 22, 40, 50, 21, 7, 31, 65, 61, 60, 64, 62, 55, 37, 0]
[0, 39, 24, 31, 20, 25, 31, 32, 30, 36, 54, 24, 2, 5, 35, 39, 26, 52, 65, 65, 69, 63, 33, 34, 40, 25, 21, 39, 38, 22, 40, 57, 66, 39, 27, 49, 53, 37, 40, 65, 39, 8, 12, 18, 32, 30, 13, 5, 15, 46, 32, 24, 59, 71, 70, 45, 43, 44, 25, 0]
[0, 13, 13, 20, 53, 58, 25, 26, 43, 49, 38, 8, 19, 22, 25, 29, 8, 34, 35, 35, 58, 52, 60, 61, 60, 44, 16, 34, 58, 43, 25, 43, 35, 8, 23, 45, 42, 26, 36, 61, 38, 7, 40, 45, 34, 32, 36, 29, 30, 60, 41, 33, 39, 52, 71, 47, 43, 44, 14, 0]
[0, 3, 3, 27, 61, 58, 25, 21, 38, 30, 19, 14, 26, 51, 54, 26, 5, 24, 24, 33, 57, 41, 50, 46, 44, 50, 21, 35, 59, 44, 27, 29, 21, 16, 31, 41, 38, 41, 51, 46, 23, 12, 45, 56, 45, 27, 32, 61, 63, 58, 38, 32, 38, 28, 47, 64, 61, 51, 21, 0]
[0, 16, 27, 51, 60, 57, 36, 33, 36, 28, 48, 42, 42, 67, 68, 40, 34, 52, 55, 64, 54, 38, 19, 15, 35, 40, 50, 64, 34, 19, 41, 43, 24, 18, 33, 43, 57, 60, 31, 26, 39, 28, 35, 47, 25, 7, 24, 54, 47, 42, 41, 35, 28, 18, 15, 32, 43, 33, 18, 0]
[0, 39, 50, 26, 34, 61, 40, 13, 16, 46, 66, 40, 40, 60, 61, 56, 50, 65, 68, 50, 40, 28, 8, 24, 44, 33, 43, 33, 4, 4, 26, 57, 38, 8, 23, 38, 53, 58, 29, 25, 38, 44, 51, 30, 8, 34, 51, 45, 39, 27, 26, 28, 21, 40, 37, 36, 47, 35, 20, 0]
[0, 51, 52, 27, 33, 60, 40, 12, 21, 52, 51, 25, 21, 42, 50, 45, 34, 49, 64, 46, 31, 18, 10, 26, 33, 23, 25, 15, 15, 16, 35, 65, 43, 14, 30, 45, 50, 55, 46, 42, 35, 41, 49, 28, 25, 50, 42, 37, 30, 17, 37, 39, 29, 48, 63, 61, 68, 55, 49, 0]
[0, 61, 61, 50, 56, 46, 26, 25, 34, 24, 22, 21, 17, 51, 60, 54, 42, 35, 49, 55, 39, 38, 30, 30, 38, 44, 46, 28, 28, 44, 63, 57, 35, 12, 28, 30, 35, 53, 44, 33, 26, 34, 42, 45, 42, 25, 17, 32, 25, 23, 43, 25, 14, 40, 55, 51, 57, 47, 41, 0]
[0, 57, 53, 42, 31, 21, 25, 24, 16, 6, 12, 11, 2, 36, 44, 38, 56, 49, 32, 37, 63, 62, 32, 32, 47, 53, 49, 31, 47, 62, 47, 41, 30, 7, 27, 30, 36, 54, 46, 35, 15, 22, 31, 33, 53, 36, 11, 27, 46, 44, 29, 11, 27, 53, 30, 26, 41, 31, 40, 0]
[0, 48, 44, 52, 41, 17, 22, 28, 20, 10, 16, 26, 18, 11, 19, 28, 46, 39, 22, 11, 36, 53, 24, 9, 24, 49, 44, 38, 53, 46, 31, 34, 23, 6, 27, 34, 40, 49, 41, 26, 5, 6, 14, 15, 34, 60, 35, 16, 35, 38, 24, 28, 44, 30, 7, 35, 50, 33, 42, 0]
[0, 47, 44, 52, 51, 28, 21, 28, 42, 33, 39, 49, 18, 11, 40, 49, 30, 23, 47, 35, 10, 27, 44, 29, 16, 41, 28, 21, 39, 32, 49, 52, 38, 22, 18, 25, 35, 44, 47, 33, 15, 16, 5, 6, 10, 36, 31, 11, 26, 29, 27, 31, 19, 6, 23, 51, 49, 31, 34, 0]
[0, 33, 30, 25, 24, 42, 35, 44, 58, 40, 46, 50, 19, 24, 53, 53, 34, 38, 62, 44, 19, 32, 49, 50, 36, 27, 14, 26, 44, 20, 37, 62, 48, 44, 40, 23, 33, 41, 45, 41, 24, 16, 3, 34, 39, 39, 34, 27, 42, 18, 15, 45, 34, 38, 55, 35, 32, 50, 53, 0]
[0, 43, 27, 23, 32, 50, 51, 60, 68, 50, 25, 29, 36, 41, 37, 36, 55, 59, 39, 21, 22, 35, 37, 38, 32, 23, 21, 33, 54, 29, 13, 38, 61, 58, 37, 20, 28, 36, 15, 11, 22, 13, 38, 64, 55, 56, 40, 33, 32, 8, 9, 39, 48, 52, 46, 25, 18, 36, 55, 0]
[0, 42, 27, 25, 35, 38, 39, 48, 57, 65, 40, 15, 22, 40, 35, 40, 59, 40, 20, 16, 17, 30, 31, 32, 27, 38, 37, 18, 39, 30, 14, 28, 52, 50, 29, 20, 29, 26, 4, 3, 13, 26, 47, 65, 56, 24, 8, 38, 38, 27, 27, 42, 51, 34, 27, 14, 7, 31, 51, 0]
[0, 26, 35, 33, 23, 26, 40, 49, 37, 45, 52, 27, 20, 38, 46, 51, 63, 43, 38, 34, 4, 17, 18, 19, 35, 47, 38, 20, 37, 28, 15, 29, 40, 38, 36, 27, 25, 23, 19, 18, 9, 21, 37, 55, 37, 5, 9, 39, 54, 43, 28, 43, 50, 32, 38, 25, 40, 64, 43, 0]
[0, 40, 49, 43, 33, 30, 45, 62, 50, 34, 40, 24, 17, 49, 57, 59, 71, 72, 66, 49, 19, 9, 11, 23, 39, 23, 14, 27, 45, 29, 15, 42, 54, 26, 24, 42, 40, 39, 35, 26, 17, 11, 27, 32, 13, 16, 20, 28, 43, 31, 16, 9, 15, 49, 56, 48, 62, 53, 32, 0]
[0, 54, 25, 19, 44, 42, 35, 52, 69, 53, 54, 38, 6, 37, 44, 46, 60, 61, 62, 45, 20, 10, 22, 34, 27, 11, 40, 52, 47, 32, 30, 57, 44, 16, 12, 30, 50, 49, 21, 13, 32, 25, 32, 37, 37, 40, 46, 55, 25, 13, 14, 7, 18, 52, 50, 42, 62, 53, 25, 0]
[0, 52, 23, 18, 43, 30, 23, 52, 69, 55, 56, 46, 15, 14, 20, 37, 52, 36, 37, 39, 13, 7, 19, 23, 16, 10, 39, 54, 49, 54, 52, 53, 39, 34, 30, 33, 54, 64, 37, 9, 28, 43, 51, 60, 60, 51, 57, 47, 18, 7, 8, 42, 54, 24, 22, 51, 71, 53, 25, 0]
[0, 29, 40, 34, 51, 39, 34, 63, 54, 40, 44, 35, 14, 14, 10, 27, 28, 12, 45, 47, 40, 34, 38, 42, 41, 35, 31, 47, 51, 56, 53, 53, 53, 49, 52, 55, 60, 71, 34, 7, 11, 26, 37, 47, 34, 25, 45, 36, 12, 2, 30, 64, 64, 35, 31, 60, 60, 41, 37, 0]
[0, 25, 36, 32, 49, 58, 54, 58, 50, 33, 37, 56, 36, 21, 18, 2, 3, 19, 51, 68, 62, 60, 64, 49, 48, 59, 55, 29, 33, 59, 55, 51, 51, 45, 48, 51, 57, 69, 33, 26, 30, 22, 33, 29, 16, 7, 28, 33, 10, 17, 45, 32, 32, 37, 33, 27, 26, 35, 30, 0]
[0, 43, 36, 33, 33, 42, 30, 35, 49, 32, 27, 46, 62, 48, 50, 34, 5, 20, 18, 35, 57, 56, 48, 33, 26, 37, 43, 17, 36, 62, 40, 36, 26, 19, 48, 52, 37, 49, 47, 40, 34, 26, 47, 43, 22, 13, 31, 36, 43, 50, 45, 32, 30, 35, 16, 9, 25, 33, 11, 0]
[0, 26, 19, 21, 21, 38, 27, 16, 30, 43, 37, 33, 49, 39, 41, 57, 28, 6, 3, 2, 25, 29, 21, 31, 24, 36, 42, 51, 70, 52, 31, 35, 24, 13, 42, 60, 44, 16, 15, 20, 13, 26, 47, 45, 25, 12, 30, 30, 36, 52, 47, 59, 57, 56, 36, 7, 22, 29, 7, 0]
[0, 34, 28, 29, 21, 38, 30, 19, 43, 55, 37, 33, 27, 17, 22, 38, 60, 38, 9, 8, 23, 27, 12, 21, 48, 60, 58, 67, 42, 24, 35, 39, 54, 43, 32, 49, 59, 31, 17, 22, 33, 46, 29, 27, 37, 25, 31, 31, 20, 36, 27, 39, 59, 57, 56, 26, 8, 14, 20, 0]
[0, 45, 39, 42, 33, 30, 21, 31, 55, 52, 34, 17, 11, 43, 48, 30, 53, 42, 13, 21, 36, 27, 12, 20, 47, 60, 58, 45, 20, 30, 41, 49, 64, 54, 42, 35, 45, 51, 37, 51, 62, 60, 44, 42, 52, 29, 36, 56, 45, 43, 34, 32, 51, 31, 29, 60, 42, 11, 17, 0]
[0, 23, 18, 21, 21, 17, 46, 56, 51, 49, 33, 16, 30, 62, 49, 31, 42, 30, 40, 48, 16, 7, 26, 35, 21, 34, 50, 37, 46, 56, 35, 43, 53, 43, 36, 29, 30, 36, 40, 55, 55, 53, 51, 50, 35, 12, 33, 53, 34, 33, 59, 56, 33, 12, 24, 55, 59, 28, 5, 0]
[0, 14, 9, 8, 8, 12, 41, 68, 64, 61, 46, 41, 55, 38, 24, 38, 49, 50, 60, 65, 32, 4, 23, 32, 18, 38, 55, 55, 64, 39, 17, 31, 41, 34, 28, 36, 37, 36, 41, 30, 31, 43, 41, 42, 27, 19, 39, 60, 41, 12, 38, 57, 33, 32, 43, 48, 52, 33, 10, 0]
[0, 36, 30, 30, 31, 35, 23, 50, 35, 32, 68, 63, 62, 45, 11, 25, 48, 49, 41, 46, 46, 18, 28, 38, 32, 52, 57, 58, 68, 42, 16, 30, 35, 28, 16, 24, 35, 34, 26, 15, 37, 49, 32, 32, 43, 34, 19, 40, 43, 14, 40, 59, 33, 32, 43, 47, 61, 42, 16, 0]
[0, 64, 58, 54, 55, 49, 37, 47, 32, 29, 65, 60, 59, 39, 5, 10, 32, 28, 20, 46, 47, 50, 61, 58, 53, 51, 57, 60, 70, 46, 21, 22, 27, 32, 20, 25, 36, 17, 9, 8, 30, 58, 40, 28, 39, 37, 22, 27, 30, 9, 36, 63, 37, 32, 43, 42, 56, 60, 33, 0]
[0, 57, 54, 49, 41, 35, 29, 39, 65, 62, 30, 26, 45, 25, 39, 43, 22, 18, 18, 45, 66, 69, 43, 40, 58, 57, 32, 36, 48, 24, 23, 25, 15, 20, 18, 23, 50, 31, 6, 5, 8, 35, 37, 26, 34, 33, 46, 51, 40, 19, 24, 51, 57, 52, 30, 29, 52, 56, 38, 0]
[0, 43, 40, 33, 25, 34, 28, 43, 69, 52, 20, 8, 27, 50, 64, 61, 40, 28, 29, 33, 54, 61, 34, 42, 59, 43, 19, 31, 43, 38, 37, 29, 19, 16, 13, 4, 32, 62, 36, 26, 29, 39, 41, 25, 34, 31, 44, 46, 34, 39, 44, 29, 35, 37, 15, 25, 48, 34, 17, 0]
[0, 22, 27, 20, 16, 26, 55, 70, 54, 36, 36, 23, 39, 63, 49, 46, 42, 30, 41, 46, 29, 35, 34, 41, 56, 40, 35, 47, 38, 33, 29, 21, 16, 14, 28, 19, 23, 53, 41, 31, 27, 38, 44, 28, 40, 37, 26, 27, 43, 48, 28, 13, 35, 37, 18, 28, 42, 28, 26, 0]
[0, 25, 29, 9, 5, 34, 63, 40, 24, 52, 52, 31, 47, 45, 31, 49, 45, 51, 62, 58, 40, 15, 14, 24, 39, 34, 30, 54, 45, 20, 16, 10, 6, 5, 19, 36, 40, 43, 31, 23, 19, 24, 31, 30, 42, 42, 31, 44, 60, 58, 38, 35, 57, 55, 35, 41, 55, 28, 26, 0]
[0, 48, 21, 1, 10, 39, 51, 28, 10, 39, 40, 16, 46, 44, 40, 58, 47, 53, 38, 34, 59, 34, 39, 49, 26, 21, 38, 62, 56, 31, 12, 5, 39, 38, 29, 46, 36, 38, 28, 19, 42, 48, 34, 33, 31, 31, 38, 51, 34, 32, 32, 29, 33, 31, 51, 57, 52, 24, 34, 0]
[0, 31, 0, 7, 16, 33, 45, 52, 34, 23, 22, 27, 56, 63, 59, 49, 38, 22, 7, 3, 28, 59, 63, 42, 19, 13, 30, 49, 43, 52, 32, 27, 60, 37, 28, 38, 28, 22, 11, 6, 29, 28, 14, 24, 22, 16, 23, 26, 9, 15, 15, 8, 12, 8, 28, 61, 56, 30, 40, 0]
[0, 34, 4, 11, 31, 47, 27, 33, 54, 43, 54, 59, 49, 57, 43, 32, 38, 23, 36, 31, 23, 53, 60, 39, 37, 30, 37, 56, 46, 55, 37, 31, 28, 4, 5, 15, 31, 25, 23, 17, 33, 32, 1, 13, 34, 27, 41, 44, 35, 41, 28, 22, 44, 39, 8, 40, 38, 12, 32, 0]
[0, 56, 31, 6, 26, 56, 36, 39, 60, 38, 49, 55, 46, 52, 38, 45, 51, 49, 61, 31, 22, 44, 51, 43, 40, 43, 49, 53, 42, 51, 33, 6, 2, 32, 33, 20, 36, 33, 30, 51, 67, 40, 11, 38, 55, 25, 39, 43, 33, 31, 18, 23, 45, 42, 10, 7, 4, 23, 42, 0]
[0, 28, 31, 6, 32, 62, 54, 57, 36, 15, 19, 25, 33, 39, 47, 54, 59, 57, 50, 19, 24, 46, 29, 21, 23, 26, 46, 50, 47, 57, 39, 12, 1, 31, 40, 27, 41, 38, 34, 55, 63, 36, 25, 48, 60, 30, 6, 9, 10, 7, 17, 22, 45, 42, 21, 17, 5, 24, 32, 0]
[0, 24, 28, 32, 58, 49, 41, 29, 8, 25, 29, 27, 35, 46, 54, 23, 29, 59, 52, 34, 39, 43, 27, 35, 37, 19, 40, 42, 39, 46, 29, 44, 33, 30, 39, 20, 33, 45, 41, 52, 60, 43, 31, 32, 43, 27, 4, 25, 26, 21, 31, 15, 42, 46, 25, 18, 4, 9, 17, 0]
[0, 36, 53, 57, 46, 37, 46, 34, 19, 35, 36, 34, 29, 40, 68, 37, 4, 35, 67, 49, 49, 53, 55, 63, 52, 35, 35, 37, 36, 43, 31, 46, 46, 43, 57, 38, 11, 22, 39, 51, 63, 46, 18, 19, 48, 32, 10, 32, 37, 32, 53, 41, 40, 44, 43, 39, 39, 39, 40, 0]
[0, 27, 44, 41, 30, 24, 32, 40, 24, 45, 46, 17, 12, 20, 48, 57, 25, 31, 63, 57, 57, 42, 43, 70, 60, 61, 61, 56, 55, 48, 36, 16, 17, 45, 59, 60, 33, 31, 48, 43, 55, 45, 18, 24, 53, 56, 34, 37, 42, 44, 65, 52, 51, 59, 58, 36, 36, 40, 42, 0]
[0, 0, 0, 0, 0, 0, 0, 0, 0, 0, 0, 0, 0, 0, 0, 0, 0, 0, 0, 0, 0, 0, 0, 0, 0, 0, 0, 0, 0, 0, 0, 0, 0, 0, 0, 0, 0, 0, 0, 0, 0, 0, 0, 0, 0, 0, 0, 0, 0, 0, 0, 0, 0, 0, 0, 0, 0, 0, 0, 0]
